14
Shepherd's Island
8 439 203 405 238 407 264 432 279 463 268 486 266 503 243 492 216
Suton
6 190 127 164 72 106 78 64 128 61 242 105 302
Odril
7 190 127 164 72 252 64 413 68 439 92 433 146 380 165
Amfren
5 142 226 201 252 295 206 326 154 190 127
Evathon
11 142 226 201 252 295 206 326 154 380 165 382 199 335 246 274 266 209 319 150 320 105 302
Loque
6 627 51 627 157 553 180 516 160 520 98 560 60
Kudal
7 627 51 627 157 669 129 736 119 750 97 744 74 714 59
Alfrua
7 543 497 494 347 423 355 401 376 405 404 457 444 477 493
Haecor
8 494 347 558 345 584 320 651 308 740 167 789 169 744 348 520 426
Exela 
5 520 426 744 348 709 485 597 483 543 497
Ostros
7 709 485 789 169 815 174 842 212 818 382 792 451 743 479
Boutan
7 203 588 247 424 296 480 362 507 388 541 383 573 348 588 
Waoburg
6 19 409 215 542 203 588 132 581 51 544 25 517
Rogua
8 19 411 215 542 247 424 146 409 84 371 77 354 57 346 36 353
3 2 5 7
4 2 3 4 13
4 0 1 3 4
3 1 2 4
3 1 2 3
2 0 6
2 5 8
4 0 8 9 11
4 6 7 9 10
3 7 8 10
2 8 9
3 7 12 13 
2 11 13
3 1 11 12 

